0
10
1000
1001
1002
1004
1005
1011
1015
1018
1023
1025
1027
1028
1030
1031
1032
1035
1036
1037
104
1040
1042
1043
1045
1046
1048
105
1050
1052
1053
1055
1056
1058
106
1065
1067
1068
1070
1072
1073
1074
1075
108
1081
1084
1085
1087
109
1090
1091
1097
1098
11
1101
1102
1103
1105
1106
1109
1111
1112
1114
1118
1119
112
1120
1125
1126
1127
1128
1133
1135
1136
1138
114
1141
1142
1145
1148
1153
1156
1157
1158
1159
116
1161
1164
1165
1166
1168
1170
1171
1173
1174
1176
1177
1178
1181
1182
1183
1184
1186
1188
119
1190
1193
1195
12
120
1205
1206
1208
1209
121
1210
1211
1214
1215
1218
1219
122
1220
1223
1224
1227
1228
1231
1234
1235
1236
1237
1238
1239
1244
1246
1247
1248
1253
1254
1255
1257
1258
126
1260
1261
1263
1275
1276
1288
1289
1293
1294
1295
1297
1302
1304
1305
1306
1307
1309
1310
1311
1312
1314
1315
1323
1327
1328
1330
1331
1333
1334
134
1340
1341
1342
1347
1348
1349
1350
1351
1353
1355
1360
1361
1364
1366
1367
1372
1374
1378
138
1380
1386
1387
139
1391
1392
1393
1394
1397
14
1400
1401
1402
1403
1404
1405
1406
144
149
15
152
153
159
160
161
164
165
166
168
169
17
172
174
175
177
178
18
181
182
184
186
187
189
19
196
197
199
2
20
200
201
203
205
21
210
211
214
221
222
223
224
225
226
227
235
24
241
242
243
244
245
246
247
25
250
251
254
255
256
258
259
26
262
263
264
265
266
267
27
272
277
278
28
280
281
283
286
287
290
292
293
296
304
305
306
308
313
315
316
317
32
323
325
326
332
333
334
335
336
339
340
342
345
346
347
349
351
352
355
361
363
364
365
366
369
37
371
372
375
376
377
378
379
381
382
383
389
390
391
392
394
396
397
40
400
401
403
404
406
407
41
414
416
417
418
420
425
426
429
43
432
434
435
44
441
445
447
448
449
45
453
454
455
456
46
461
463
466
47
470
472
473
474
479
480
481
482
483
484
486
487
488
489
490
493
494
495
498
499
505
506
509
515
52
523
524
526
529
530
531
541
545
547
550
553
555
559
562
563
564
566
568
570
573
574
576
579
58
580
582
584
585
588
591
592
594
595
6
60
600
602
603
607
609
61
614
615
616
617
62
620
622
624
625
626
63
631
633
635
638
640
642
646
647
650
651
652
653
657
66
661
662
663
665
667
668
669
67
671
672
673
676
677
679
68
680
681
685
687
688
69
696
698
703
704
705
709
71
713
714
717
726
73
730
732
734
736
737
738
739
74
740
745
747
748
749
752
753
755
757
758
76
761
762
767
77
771
772
774
777
778
78
782
787
788
789
79
791
792
795
797
798
799
80
801
802
804
81
810
812
813
815
816
817
818
82
822
825
826
828
835
838
840
841
844
846
85
853
854
855
856
857
858
86
860
861
863
866
867
871
876
88
883
884
885
89
891
893
894
896
899
9
90
900
902
908
909
91
912
916
917
919
923
925
926
927
928
929
930
933
934
938
939
940
941
942
945
946
949
95
951
952
953
954
959
96
962
963
964
965
969
970
973
976
977
978
979
98
984
988
989
990
992
998
